939
351
646
777
843
152
717
532
895
250
797
761
629
400
642
940
791
720
532
367
371
234
710
356
942
717
533
813
124
297
902
625
551
310
640
228
752
726
308
498
389
410
938
420
816
193
800
838
208
404
908
680
845
753
742
753
488
400
503
300
620
178
897
946
249
756
623
214
410
493
821
416
730
164
792
491
665
701
881
342
122
376
574
746
645
137
140
663
164
941
900
632
415
393
349
546
625
342
474
648
682
577
913
159
709
664
337
685
123
796
757
265
930
913
948
817
546
872
717
640
342
653
103
301
280
303
125
457
689
388
800
211
744
579
781
683
502
354
609
775
310
189
921
785